0.9258 0.9152 0.9170 0.9002 0.9603 0.8872 0.9165 0.9272 0.9569 0.8991 0.9353 0.9517 0.8949 0.9267 0.9317 0.9702 0.9216 0.9452 0.9130 0.9583 0.9014 0.9112 0.9084 0.9271 0.9096 0.9113 0.9122 0.8982 0.9246 0.9259 0.9470 0.9264 0.9414 0.9023 0.9463 0.9045 0.8846 0.9712 0.9193 0.9082 0.8931 0.9073 0.9509 0.9671 0.9247 0.9518 0.9234 0.9221 0.8564 0.9137 0.9344 0.8730 0.9428 0.9017 0.9009 
Average: 0.921786226242783
Standard deviation: 0.024219970044920627
Min: 0.8564183743978321
Max: 0.9711652095001718
