0.9391 0.9580 0.8978 0.9474 0.9227 0.9050 0.9221 0.9665 0.9467 0.9312 0.9532 0.9621 0.9860 0.9215 0.8794 0.8958 0.9177 0.9085 0.9061 0.9218 0.9683 0.9439 0.8900 0.9053 0.9106 0.9261 0.9018 0.9475 0.9267 0.9030 0.8983 0.8982 0.8942 0.9208 0.9170 0.8665 0.8860 0.9086 0.9062 0.8957 0.9495 0.9604 0.9397 0.9128 0.9535 0.9794 0.9437 0.9204 0.9538 0.9540 0.9229 0.9390 0.9239 0.9637 0.9224 
Average: 0.9262300433620859
Standard deviation: 0.026567276277260913
Min: 0.8665498992691594
Max: 0.9859602603525646
