0.7415 0.6963 0.7224 0.6297 0.7622 0.7541 0.6927 0.6452 0.7152 0.6263 0.9320 0.9580 0.9469 0.7436 0.9598 0.9503 0.9573 0.9914 0.9065 0.9345 0.9395 0.7345 0.9314 0.9351 0.9095 0.9345 0.9040 0.9454 0.7511 0.9471 0.9731 0.9314 0.9543 0.9176 0.7456 0.9027 0.9574 0.9657 0.9595 0.9435 0.7391 0.7600 0.7612 0.7324 0.8090 0.9183 0.9200 0.9520 0.8843 0.9310 0.9423 0.9439 0.9684 0.9406 0.9058 
Average: 0.8646718593258947
Standard deviation: 0.10711125303108529
Min: 0.6263174832847844
Max: 0.9914003521640128
