0.9852 0.9818 0.9849 0.9865 0.9827 0.9835 0.9787 0.9881 0.9889 0.9846 0.9856 0.9740 0.9800 0.9820 0.9764 0.9861 0.9816 0.9746 0.9792 0.9786 0.9781 0.9845 0.9713 0.9744 0.9893 0.9773 0.9742 0.9762 0.9818 0.9763 0.9722 0.9869 0.9851 0.9776 0.9851 0.9832 0.9826 0.9815 0.9888 0.9838 0.9840 0.9852 0.9833 0.9875 0.9859 0.9872 0.9770 0.9875 0.9992 0.9743 0.9842 0.9889 0.9864 0.9787 0.9883 
Average: 0.9823760673749691
Standard deviation: 0.005341205275213668
Min: 0.9713420186756906
Max: 0.9991708279972391
